K 3 5 9 A 10 2 8 4 Q 6 7 J
3 5 9 A 10 2 8 4 Q 6 7 J
5 9 A 10 2 8 4 Q 6 7 J 3
9 A 10 2 8 4 Q 6 7 J 3 5
A 10 2 8 4 Q 6 7 J 3 5 9
10 2 8 4 Q 6 7 J 3 5 9 A
2 8 4 Q 6 7 J 3 5 9 A 10
8 4 Q 6 7 J 3 5 9 A 10 2
4 Q 6 7 J 3 5 9 A 10 2 8
Q 6 7 J 3 5 9 A 10 2 8 4
6 7 J 3 5 9 A 10 2 8 4
7 J 3 5 9 A 10 2 8 4 6
J 3 5 9 A 10 2 8 4 6 7
3 5 9 A 10 2 8 4 6 7
5 9 A 10 2 8 4 6 7 3
9 A 10 2 8 4 6 7 3 5
A 10 2 8 4 6 7 3 5 9
10 2 8 4 6 7 3 5 9 A
2 8 4 6 7 3 5 9 A
8 4 6 7 3 5 9 A 2
4 6 7 3 5 9 A 2 8
6 7 3 5 9 A 2 8 4
7 3 5 9 A 2 8 4 6
3 5 9 A 2 8 4 6 7
5 9 A 2 8 4 6 7 3
9 A 2 8 4 6 7 3 5
A 2 8 4 6 7 3 5
2 8 4 6 7 3 5 A
8 4 6 7 3 5 A 2
4 6 7 3 5 A 2
6 7 3 5 A 2 4
7 3 5 A 2 4 6
3 5 A 2 4 6
5 A 2 4 6 3
A 2 4 6 3 5
2 4 6 3 5 A
4 6 3 5 A 2
6 3 5 A 2 4
3 5 A 2 4
5 A 2 4 3
A 2 4 3
2 4 3 A
4 3 A 2
3 A 2
A 2
2 A
A